1, 0.0000, -16.0000, 16.0000
888.8889, 452.5484, -452.5483 14481.5479
0.0000, -373.9809, -883.0979 8145.8716
0.0000, 0.7071, -0.7071 22.6274
2, 0.0305, -15.9979, 16.0000
888.0251, 454.2125, -452.5769 14480.6328
0.7126, -374.0359, -883.0743 8145.3579
-0.0013, 0.7071, -0.7072 22.6260
3, 0.1211, -15.9918, 16.0000
885.4379, 459.1566, -452.6571 14478.0664
2.8331, -374.1826, -883.0079 8143.9131
-0.0054, 0.7069, -0.7073 22.6220
4, 0.2706, -15.9818, 16.0000
881.1047, 467.3050, -452.7736 14474.3418
6.3381, -374.3669, -882.9115 8141.8179
-0.0120, 0.7067, -0.7075 22.6162
5, 0.4777, -15.9678, 16.0000
874.9691, 478.5731, -452.9022 14470.2334
11.2040, -374.5040, -882.8052 8139.5098
-0.0211, 0.7062, -0.7077 22.6097
6, 0.7412, -15.9501, 16.0000
866.9435, 492.8629, -453.0107 14466.7637
17.4032, -374.4794, -882.7150 8137.5552
-0.0328, 0.7056, -0.7078 22.6043
7, 1.0600, -15.9286, 16.0000
856.9134, 510.0588, -453.0594 14465.2090
24.8975, -374.1512, -882.6746 8136.6797
-0.0469, 0.7047, -0.7079 22.6019
8, 1.4326, -15.9036, 16.0000
844.7438, 530.0198, -453.0017 14467.0547
33.6318, -373.3541, -882.7227 8137.7207
-0.0634, 0.7035, -0.7078 22.6048
9, 1.8579, -15.8749, 16.0000
830.2855, 552.5717, -452.7848 14473.9844
43.5259, -371.9041, -882.9023 8141.6162
-0.0822, 0.7019, -0.7075 22.6156
10, 2.3304, -15.8113, 16.0000
813.4367, 577.0743, -452.8017 14473.4424
54.6043, -370.4730, -882.8882 8141.3125
-0.1030, 0.6992, -0.7075 22.6148
11, 2.8483, -15.7083, 16.0000
793.9756, 603.3821, -453.0521 14465.4414
66.8992, -368.9482, -882.6807 8136.8125
-0.1260, 0.6950, -0.7079 22.6023
12, 3.4142, -15.5957, 16.0000
771.6491, 631.6906, -453.0433 14465.7236
80.1855, -366.2726, -882.6880 8136.9707
-0.1511, 0.6900, -0.7079 22.6027
13, 4.0271, -15.4737, 16.0000
746.2903, 661.6918, -452.7011 14476.6602
94.2680, -362.2132, -882.9716 8143.1206
-0.1780, 0.6841, -0.7073 22.6198
14, 4.6668, -15.2726, 16.0000
717.9645, 692.1432, -452.9773 14467.8320
109.5332, -358.4566, -882.7428 8138.1582
-0.2064, 0.6756, -0.7078 22.6060
15, 5.3455, -15.0422, 16.0000
686.2094, 723.5859, -453.0604 14465.1807
125.5627, -353.3331, -882.6740 8136.6650
-0.2365, 0.6655, -0.7079 22.6018
16, 6.0660, -14.7977, 16.0000
650.8580, 755.7876, -452.6506 14478.2764
141.9242, -346.2203, -883.0134 8144.0317
-0.2681, 0.6541, -0.7073 22.6223
17, 6.7897, -14.4493, 16.0000
612.2476, 787.1649, -453.0429 14465.7383
159.4583, -339.3492, -882.6884 8136.9771
-0.3004, 0.6393, -0.7079 22.6027
18, 7.5477, -14.0754, 16.0000
569.6946, 818.5383, -452.9532 14468.6016
177.1088, -330.2816, -882.7628 8138.5889
-0.3339, 0.6226, -0.7077 22.6072
19, 8.3170, -13.6402, 16.0000
523.5165, 848.8492, -452.8897 14470.6309
195.0409, -319.8744, -882.8154 8139.7300
-0.3678, 0.6033, -0.7076 22.6104
20, 9.0861, -13.1265, 16.0000
473.5970, 877.5954, -453.0517 14465.4609
213.4090, -308.3084, -882.6812 8136.8213
-0.4020, 0.5808, -0.7079 22.6023
21, 9.8726, -12.5733, 16.0000
419.7648, 904.7339, -452.7445 14475.2725
231.1963, -294.4427, -882.9356 8142.3408
-0.4365, 0.5559, -0.7074 22.6176
22, 10.6247, -11.9150, 16.0000
362.5844, 928.9756, -453.0568 14465.2959
249.5593, -279.8665, -882.6769 8136.7275
-0.4701, 0.5272, -0.7079 22.6020
23, 11.3922, -11.2220, 16.0000
301.4852, 950.7451, -452.6743 14477.5195
266.6013, -262.6202, -882.9938 8143.6035
-0.5036, 0.4961, -0.7073 22.6211
24, 12.0963, -10.4176, 16.0000
237.5409, 968.5223, -453.0590 14465.2207
284.1314, -244.6993, -882.6749 8136.6890
-0.5352, 0.4609, -0.7079 22.6019
25, 12.8016, -9.5726, 16.0000
170.0599, 982.7560, -452.7626 14474.6934
299.8405, -224.2106, -882.9206 8142.0156
-0.5660, 0.4233, -0.7074 22.6167
26, 13.4312, -8.6300, 16.0000
100.1925, 992.1861, -453.0471 14465.6064
315.4500, -202.6873, -882.6849 8136.9019
-0.5942, 0.3818, -0.7079 22.6025
27, 14.0320, -7.6357, 16.0000
27.6758, 996.9140, -452.9019 14470.2461
329.1000, -179.0849, -882.8054 8139.5122
-0.6206, 0.3377, -0.7077 22.6098
28, 14.5598, -6.5658, 16.0000
-46.7656, 996.1800, -452.9482 14468.7617
341.6312, -154.0596, -882.7668 8138.6787
-0.6440, 0.2904, -0.7077 22.6074
29, 15.0121, -5.4344, 16.0000
-122.4995, 989.6840, -453.0374 14465.9111
352.5467, -127.6226, -882.6929 8137.0762
-0.6642, 0.2404, -0.7079 22.6030
30, 15.4130, -4.2529, 16.0000
-199.6602, 977.1996, -452.7034 14476.5889
360.8003, -99.5558, -882.9696 8143.0796
-0.6814, 0.1880, -0.7073 22.6197
31, 15.6764, -3.0082, 16.0000
-276.4041, 958.1459, -453.0795 14464.5703
368.2985, -70.6731, -882.6580 8136.3193
-0.6936, 0.1331, -0.7079 22.6009
32, 15.8836, -1.7294, 16.0000
-353.3585, 932.6160, -452.8672 14471.3496
372.4025, -40.5473, -882.8340 8140.1333
-0.7025, 0.0765, -0.7076 22.6115
33, 15.9723, -0.4115, 16.0000
-429.1893, 900.2407, -452.8652 14471.4131
374.4752, -9.6472, -882.8357 8140.1704
-0.7064, 0.0182, -0.7076 22.6116
34, 15.9375, 0.9282, 16.0000
-502.9599, 861.1041, -453.0503 14465.5000
374.3266, 21.7997, -882.6823 8136.8447
-0.7051, -0.0411, -0.7079 22.6023
35, 15.8204, 2.2848, 16.0000
-574.7388, 815.1075, -452.7679 14474.5273
370.5649, 53.5168, -882.9163 8141.9189
-0.6995, -0.1010, -0.7074 22.6164
36, 15.5507, 3.6401, 16.0000
-642.8351, 762.4411, -452.9573 14468.4707
364.9150, 85.4202, -882.7594 8138.5156
-0.6879, -0.1610, -0.7077 22.6070
37, 15.1653, 4.9830, 16.0000
-706.9119, 703.3665, -453.0726 14464.7881
356.2652, 117.0618, -882.6638 8136.4438
-0.6710, -0.2205, -0.7079 22.6012
38, 14.6841, 6.3137, 16.0000
-766.6512, 637.9370, -452.7757 14474.2744
343.9767, 147.8986, -882.9097 8141.7778
-0.6493, -0.2792, -0.7075 22.6161
39, 14.0506, 7.5981, 16.0000
-820.5590, 566.8031, -452.9249 14469.5137
329.6090, 178.2413, -882.7863 8139.0977
-0.6215, -0.3361, -0.7077 22.6086
40, 13.2976, 8.8300, 16.0000
-868.2720, 490.4527, -453.0821 14464.4941
312.4166, 207.4554, -882.6560 8136.2759
-0.5884, -0.3907, -0.7079 22.6008
41, 12.4489, 10.0148, 16.0000
-909.5295, 409.1305, -452.8712 14471.2207
291.8847, 234.8130, -882.8306 8140.0586
-0.5506, -0.4429, -0.7076 22.6113
42, 11.4796, 11.1221, 16.0000
-943.3763, 323.6624, -452.7771 14474.2344
268.9146, 260.5393, -882.9086 8141.7559
-0.5076, -0.4918, -0.7075 22.6160
43, 10.3881, 12.1221, 16.0000
-969.1054, 235.1608, -453.0539 14465.3887
243.9952, 284.7232, -882.6793 8136.7788
-0.4596, -0.5363, -0.7079 22.6022
44, 9.2162, 13.0396, 16.0000
-986.8212, 143.8583, -453.0039 14466.9844
216.3663, 306.1264, -882.7207 8137.6777
-0.4077, -0.5769, -0.7078 22.6047
45, 7.9672, 13.8685, 16.0000
-996.1440, 50.4520, -452.6317 14478.8770
186.3732, 324.4206, -883.0289 8144.3677
-0.3522, -0.6130, -0.7072 22.6232
46, 6.6165, 14.5347, 16.0000
-996.3284, -43.2127, -452.9745 14467.9229
155.2900, 341.1300, -882.7451 8138.2061
-0.2927, -0.6430, -0.7078 22.6061
47, 5.2128, 15.0873, 16.0000
-987.7683, -136.9530, -453.0797 14464.5566
122.4682, 354.4582, -882.6577 8136.3101
-0.2306, -0.6676, -0.7079 22.6009
48, 3.7643, 15.5260, 16.0000
-970.4124, -230.0321, -452.8899 14470.6162
88.2754, 364.0998, -882.8152 8139.7231
-0.1665, -0.6867, -0.7076 22.6103
49, 2.2743, 15.8224, 16.0000
-944.2022, -321.2704, -452.7594 14474.7930
53.2658, 370.5850, -882.9230 8142.0654
-0.1006, -0.6996, -0.7074 22.6169
50, 0.7594, 15.9489, 16.0000
-909.3843, -409.2942, -453.0142 14466.5996
17.8277, 374.4696, -882.7107 8137.4624
-0.0336, -0.7056, -0.7078 22.6041
51, -0.7594, 15.9489, 16.0000
-866.3830, -493.8432, -453.0159 14466.6035
-17.8295, 374.4697, -882.7108 8137.4614
0.0336, -0.7056, -0.7078 22.6041
52, -2.2742, 15.8224, 16.0000
-815.4923, -574.1991, -452.7595 14474.7695
-53.2658, 370.5851, -882.9230 8142.0649
0.1006, -0.6996, -0.7074 22.6169
53, -3.7642, 15.5260, 16.0000
-757.3136, -648.9144, -452.8904 14470.6143
-88.2744, 364.1000, -882.8149 8139.7217
0.1665, -0.6867, -0.7076 22.6103
54, -5.2128, 15.0873, 16.0000
-692.5432, -717.5136, -453.0800 14464.5527
-122.4678, 354.4583, -882.6575 8136.3110
0.2306, -0.6676, -0.7079 22.6009
55, -6.6165, 14.5347, 16.0000
-621.6894, -779.7692, -452.9746 14467.9170
-155.2895, 341.1303, -882.7451 8138.2041
0.2927, -0.6430, -0.7078 22.6061
56, -7.9672, 13.8685, 16.0000
-545.3705, -835.1164, -452.6318 14478.8740
-186.3728, 324.4210, -883.0289 8144.3652
0.3522, -0.6130, -0.7072 22.6232
57, -9.2162, 13.0396, 16.0000
-464.9486, -882.2321, -453.0041 14466.9824
-216.3656, 306.1268, -882.7207 8137.6782
0.4077, -0.5769, -0.7078 22.6047
58, -10.3881, 12.1221, 16.0000
-380.8102, -921.6559, -453.0539 14465.3828
-243.9950, 284.7236, -882.6793 8136.7764
0.4596, -0.5363, -0.7079 22.6022
59, -11.4796, 11.1221, 16.0000
-293.6642, -953.1410, -452.7770 14474.2344
-268.9139, 260.5398, -882.9087 8141.7578
0.5076, -0.4918, -0.7075 22.6160
60, -12.4489, 10.0148, 16.0000
-204.8134, -976.0547, -452.8713 14471.2197
-291.8842, 234.8133, -882.8307 8140.0601
0.5506, -0.4429, -0.7076 22.6113
61, -13.2975, 8.8301, 16.0000
-115.1632, -990.5441, -453.0820 14464.4951
-312.4161, 207.4560, -882.6560 8136.2773
0.5884, -0.3907, -0.7079 22.6008
62, -14.0506, 7.5981, 16.0000
-25.0785, -996.9724, -452.9248 14469.5088
-329.6087, 178.2417, -882.7863 8139.0986
0.6215, -0.3361, -0.7077 22.6086
63, -14.6841, 6.3137, 16.0000
64.4225, -995.2725, -452.7757 14474.2734
-343.9763, 147.8994, -882.9097 8141.7788
0.6493, -0.2792, -0.7075 22.6161
64, -15.1653, 4.9830, 16.0000
151.9578, -985.5748, -453.0727 14464.7871
-356.2651, 117.0623, -882.6638 8136.4419
0.6710, -0.2205, -0.7079 22.6012
65, -15.5507, 3.6402, 16.0000
237.6403, -968.5455, -452.9573 14468.4707
-364.9148, 85.4207, -882.7594 8138.5151
0.6879, -0.1610, -0.7077 22.6070
66, -15.8203, 2.2848, 16.0000
320.6277, -944.4166, -452.7678 14474.5244
-370.5648, 53.5176, -882.9163 8141.9214
0.6995, -0.1010, -0.7074 22.6164
67, -15.9375, 0.9282, 16.0000
399.6021, -913.6668, -453.0503 14465.5020
-374.3266, 21.7999, -882.6823 8136.8442
0.7051, -0.0411, -0.7079 22.6023
68, -15.9723, -0.4115, 16.0000
474.9719, -876.9483, -452.8652 14471.4131
-374.4752, -9.6466, -882.8357 8140.1704
0.7064, 0.0182, -0.7076 22.6116
69, -15.8836, -1.7294, 16.0000
545.7841, -834.7183, -452.8673 14471.3457
-372.4026, -40.5463, -882.8340 8140.1333
0.7025, 0.0765, -0.7076 22.6115
70, -15.6764, -3.0082, 16.0000
611.4305, -787.7786, -453.0796 14464.5664
-368.2986, -70.6730, -882.6580 8136.3174
0.6936, 0.1331, -0.7079 22.6009
71, -15.4130, -4.2529, 16.0000
672.5315, -736.5355, -452.7034 14476.5830
-360.8004, -99.5556, -882.9696 8143.0791
0.6814, 0.1880, -0.7073 22.6197
72, -15.0121, -5.4344, 16.0000
727.6285, -681.9364, -453.0375 14465.9102
-352.5470, -127.6222, -882.6929 8137.0742
0.6642, 0.2404, -0.7079 22.6030
73, -14.5598, -6.5658, 16.0000
777.5875, -624.4349, -452.9484 14468.7588
-341.6312, -154.0599, -882.7668 8138.6763
0.6440, 0.2904, -0.7077 22.6074
74, -14.0320, -7.6357, 16.0000
822.0647, -564.6354, -452.9018 14470.2432
-329.1002, -179.0847, -882.8053 8139.5117
0.6206, 0.3377, -0.7077 22.6098
75, -13.4312, -8.6300, 16.0000
860.8116, -503.4632, -453.0471 14465.6055
-315.4502, -202.6869, -882.6850 8136.9038
0.5942, 0.3818, -0.7079 22.6025
76, -12.8016, -9.5726, 16.0000
894.5701, -440.9920, -452.7626 14474.6924
-299.8407, -224.2105, -882.9205 8142.0142
0.5660, 0.4233, -0.7074 22.6167
77, -12.0963, -10.4176, 16.0000
922.5834, -378.5511, -453.0591 14465.2227
-284.1315, -244.6992, -882.6749 8136.6880
0.5352, 0.4609, -0.7079 22.6019
78, -11.3922, -11.2220, 16.0000
946.1014, -315.7555, -452.6742 14477.5166
-266.6017, -262.6198, -882.9938 8143.6060
0.5036, 0.4961, -0.7073 22.6211
79, -10.6247, -11.9150, 16.0000
964.2839, -254.2041, -453.0567 14465.2959
-249.5592, -279.8665, -882.6769 8136.7300
0.4701, 0.5272, -0.7079 22.6020
80, -9.8726, -12.5733, 16.0000
978.4839, -193.1714, -452.7445 14475.2715
-231.1966, -294.4425, -882.9355 8142.3398
0.4365, 0.5559, -0.7074 22.6176
81, -9.0861, -13.1265, 16.0000
988.1561, -134.2213, -453.0516 14465.4609
-213.4093, -308.3081, -882.6812 8136.8237
0.4020, 0.5808, -0.7079 22.6023
82, -8.3170, -13.6402, 16.0000
994.3529, -76.6605, -452.8896 14470.6328
-195.0411, -319.8741, -882.8154 8139.7324
0.3678, 0.6033, -0.7076 22.6104
83, -7.5478, -14.0754, 16.0000
997.0408, -21.6029, -452.9532 14468.6025
-177.1094, -330.2811, -882.7629 8138.5938
0.3339, 0.6226, -0.7077 22.6072
84, -6.7897, -14.4493, 16.0000
996.7488, 31.1051, -453.0429 14465.7363
-159.4587, -339.3488, -882.6885 8136.9800
0.3004, 0.6393, -0.7079 22.6027
85, -6.0660, -14.7977, 16.0000
994.0779, 81.4870, -452.6506 14478.2764
-141.9245, -346.2202, -883.0133 8144.0298
0.2681, 0.6541, -0.7073 22.6223
86, -5.3455, -15.0422, 16.0000
988.9392, 128.2930, -453.0603 14465.1836
-125.5632, -353.3328, -882.6740 8136.6655
0.2365, 0.6655, -0.7079 22.6018
87, -4.6668, -15.2726, 16.0000
982.2101, 172.6224, -452.9773 14467.8330
-109.5334, -358.4566, -882.7427 8138.1558
0.2064, 0.6756, -0.7078 22.6060
88, -4.0271, -15.4737, 16.0000
974.1761, 213.9306, -452.7010 14476.6602
-94.2681, -362.2129, -882.9717 8143.1274
0.1780, 0.6841, -0.7073 22.6198
89, -3.4143, -15.5957, 16.0000
964.9996, 251.4976, -453.0433 14465.7266
-80.1858, -366.2725, -882.6881 8136.9717
0.1511, 0.6900, -0.7079 22.6027
90, -2.8483, -15.7083, 16.0000
955.2783, 286.2002, -453.0521 14465.4434
-66.8992, -368.9482, -882.6807 8136.8115
0.1260, 0.6950, -0.7079 22.6023
91, -2.3304, -15.8113, 16.0000
945.3398, 317.8471, -452.8016 14473.4453
-54.6043, -370.4728, -882.8884 8141.3164
0.1030, 0.6992, -0.7075 22.6148
92, -1.8579, -15.8749, 16.0000
935.4409, 345.9188, -452.7848 14473.9854
-43.5261, -371.9040, -882.9022 8141.6152
0.0822, 0.7019, -0.7075 22.6156
93, -1.4326, -15.9036, 16.0000
925.8651, 370.5222, -453.0017 14467.0557
-33.6321, -373.3541, -882.7226 8137.7178
0.0634, 0.7035, -0.7078 22.6048
94, -1.0600, -15.9286, 16.0000
916.9418, 392.0184, -453.0594 14465.2090
-24.8979, -374.1511, -882.6747 8136.6821
0.0469, 0.7047, -0.7079 22.6019
95, -0.7412, -15.9501, 16.0000
908.9176, 410.3335, -453.0108 14466.7656
-17.4031, -374.4794, -882.7150 8137.5542
0.0328, 0.7056, -0.7078 22.6043
96, -0.4777, -15.9678, 16.0000
902.0133, 425.4118, -452.9022 14470.2334
-11.2038, -374.5040, -882.8051 8139.5103
0.0211, 0.7062, -0.7077 22.6097
97, -0.2705, -15.9818, 16.0000
896.4177, 437.2127, -452.7736 14474.3438
-6.3375, -374.3669, -882.9115 8141.8179
0.0120, 0.7067, -0.7075 22.6162
98, -0.1211, -15.9919, 16.0000
892.2884, 445.6976, -452.6571 14478.0664
-2.8327, -374.1826, -883.0079 8143.9126
0.0054, 0.7069, -0.7073 22.6220
99, -0.0305, -15.9979, 16.0000
889.7493, 450.8259, -452.5769 14480.6328
-0.7124, -374.0359, -883.0743 8145.3579
0.0013, 0.7071, -0.7072 22.6260
100, 0.0000, -16.0000, 16.0000
888.8889, 452.5484, -452.5483 14481.5479
0.0000, -373.9809, -883.0979 8145.8716
0.0000, 0.7071, -0.7071 22.6274
