1, 0.0000, -12.0000, 8.0000
1779.7188, 571.1781, -276.4978 9066.1201
-1.4987, -443.3771, -1758.8373 8750.1729
0.0030, 0.9019, -0.4320 14.2785
2, 0.0229, -11.9985, 8.0000
1778.6238, 574.5642, -276.5278 9065.4492
-0.6514, -443.4707, -1758.8143 8749.5635
0.0013, 0.9018, -0.4321 14.2772
3, 0.0908, -11.9939, 8.0000
1775.3293, 584.6244, -276.6121 9063.5947
1.8704, -443.7241, -1758.7493 8747.8486
-0.0038, 0.9018, -0.4322 14.2737
4, 0.2029, -11.9863, 8.0000
1769.7639, 601.2050, -276.7354 9060.9912
6.0408, -444.0626, -1758.6548 8745.3271
-0.0123, 0.9016, -0.4324 14.2686
5, 0.3583, -11.9759, 8.0000
1761.7866, 624.1340, -276.8735 9058.3271
11.8342, -444.3672, -1758.5482 8742.4570
-0.0240, 0.9013, -0.4326 14.2629
6, 0.5559, -11.9626, 8.0000
1751.1941, 653.2134, -276.9941 9056.5156
19.2192, -444.4771, -1758.4553 8739.8672
-0.0389, 0.9006, -0.4328 14.2581
7, 0.7950, -11.9465, 8.0000
1737.7291, 688.2083, -277.0573 9056.6914
28.1508, -444.1935, -1758.4069 8738.3232
-0.0570, 0.8996, -0.4329 14.2560
8, 1.0744, -11.9277, 8.0000
1721.0927, 728.8322, -277.0160 9060.1777
38.5597, -443.2850, -1758.4385 8738.7188
-0.0781, 0.8981, -0.4328 14.2586
9, 1.3934, -11.9062, 8.0000
1700.9572, 774.7331, -276.8173 9068.4756
50.3424, -441.4925, -1758.5917 8742.0869
-0.1021, 0.8958, -0.4325 14.2683
10, 1.7478, -11.8584, 8.0000
1677.0010, 825.2959, -276.8539 9070.4541
63.5543, -439.8977, -1758.5634 8740.9189
-0.1289, 0.8923, -0.4326 14.2676
11, 2.1362, -11.7812, 8.0000
1648.7373, 880.3190, -277.1251 9066.1484
78.2505, -438.3620, -1758.3544 8735.2510
-0.1584, 0.8874, -0.4330 14.2566
12, 2.5607, -11.6967, 8.0000
1615.7115, 939.5556, -277.1380 9069.5156
94.1126, -435.2726, -1758.3444 8734.4873
-0.1905, 0.8810, -0.4330 14.2571
13, 3.0203, -11.6053, 8.0000
1577.5627, 1002.3779, -276.8180 9082.6641
110.8761, -430.3002, -1758.5911 8740.0781
-0.2250, 0.8731, -0.4325 14.2723
14, 3.5001, -11.4544, 8.0000
1533.9944, 1067.7838, -277.1162 9078.6289
129.1616, -426.1193, -1758.3613 8733.8574
-0.2615, 0.8626, -0.4330 14.2602
15, 4.0091, -11.2817, 8.0000
1484.3319, 1135.7823, -277.2211 9080.4229
148.3403, -420.1672, -1758.2803 8731.3350
-0.3001, 0.8499, -0.4332 14.2566
16, 4.5495, -11.0983, 8.0000
1428.3000, 1205.5776, -276.8324 9096.5195
167.7986, -411.5026, -1758.5802 8738.2676
-0.3404, 0.8349, -0.4326 14.2748
17, 5.0922, -10.8370, 8.0000
1365.7542, 1275.9095, -277.2445 9090.2275
188.8742, -403.6526, -1758.2620 8729.9189
-0.3820, 0.8164, -0.4332 14.2575
18, 5.6608, -10.5565, 8.0000
1295.9841, 1346.7346, -277.1728 9097.9453
209.9608, -392.8492, -1758.3174 8730.8623
-0.4249, 0.7949, -0.4331 14.2616
19, 6.2378, -10.2302, 8.0000
1219.1378, 1416.6860, -277.1249 9105.2422
231.3896, -380.4508, -1758.3547 8731.4082
-0.4684, 0.7701, -0.4330 14.2644
20, 6.8146, -9.8449, 8.0000
1134.7368, 1485.1165, -277.3001 9106.4736
253.4259, -366.7901, -1758.2192 8727.7510
-0.5123, 0.7415, -0.4333 14.2573
21, 7.4044, -9.4300, 8.0000
1042.8243, 1551.0903, -277.0023 9121.2764
274.5692, -350.0905, -1758.4489 8733.2090
-0.5563, 0.7093, -0.4328 14.2709
22, 7.9685, -8.9362, 8.0000
943.4249, 1613.4241, -277.3209 9118.8145
296.6658, -332.8748, -1758.2030 8726.9844
-0.5996, 0.6728, -0.4333 14.2571
23, 8.5441, -8.4165, 8.0000
836.4769, 1671.4380, -276.9396 9136.2646
316.8383, -312.0818, -1758.4973 8734.2305
-0.6423, 0.6326, -0.4327 14.2741
24, 9.0722, -7.8132, 8.0000
722.4480, 1723.7330, -277.3218 9132.1904
337.9694, -290.8531, -1758.2024 8726.9971
-0.6831, 0.5879, -0.4333 14.2570
25, 9.6012, -7.1795, 8.0000
601.3629, 1769.6663, -277.0170 9147.5645
356.5347, -266.2218, -1758.4376 8733.0156
-0.7223, 0.5394, -0.4328 14.2701
26, 10.0734, -6.4725, 8.0000
473.8789, 1807.9392, -277.2876 9146.6074
375.2885, -240.5923, -1758.2286 8728.1699
-0.7587, 0.4864, -0.4333 14.2575
27, 10.5240, -5.7268, 8.0000
340.5134, 1837.7561, -277.1226 9157.8750
391.4146, -212.3035, -1758.3561 8731.7861
-0.7923, 0.4298, -0.4330 14.2638
28, 10.9198, -4.9243, 8.0000
201.7772, 1858.1097, -277.1433 9163.7236
406.2876, -182.3852, -1758.3401 8732.0059
-0.8223, 0.3691, -0.4330 14.2617
29, 11.2591, -4.0758, 8.0000
58.9120, 1868.0967, -277.2000 9168.2969
419.2253, -150.7935, -1758.2964 8731.6865
-0.8481, 0.3051, -0.4331 14.2576
30, 11.5598, -3.1897, 8.0000
-87.7953, 1867.0171, -276.8274 9184.7363
428.6542, -117.1871, -1758.5837 8739.7305
-0.8697, 0.2378, -0.4325 14.2723
31, 11.7573, -2.2561, 8.0000
-236.5104, 1854.0067, -277.1576 9180.8662
437.6352, -82.7553, -1758.3291 8734.5010
-0.8857, 0.1675, -0.4331 14.2554
32, 11.9127, -1.2971, 8.0000
-386.6812, 1828.6339, -276.8930 9193.3994
442.1152, -46.7933, -1758.5332 8740.7891
-0.8966, 0.0949, -0.4326 14.2646
33, 11.9792, -0.3086, 8.0000
-536.9709, 1790.2850, -276.8322 9199.6504
444.2870, -9.9773, -1758.5801 8743.3486
-0.9014, 0.0202, -0.4326 14.2645
34, 11.9531, 0.6961, 8.0000
-685.5905, 1738.7804, -276.9519 9200.1807
443.9153, 27.4489, -1758.4879 8742.6133
-0.8998, -0.0556, -0.4327 14.2561
35, 11.8653, 1.7136, 8.0000
-831.7523, 1673.8503, -276.5984 9213.4834
438.8840, 65.1030, -1758.7600 8751.0459
-0.8920, -0.1323, -0.4322 14.2683
36, 11.6630, 2.7301, 8.0000
-973.5964, 1595.5052, -276.7102 9212.8730
431.9247, 102.9626, -1758.6741 8750.7363
-0.8771, -0.2091, -0.4324 14.2597
37, 11.3739, 3.7373, 8.0000
-1109.6318, 1504.0697, -276.7429 9213.7461
421.3366, 140.4424, -1758.6488 8752.0605
-0.8554, -0.2851, -0.4324 14.2542
38, 11.0131, 4.7353, 8.0000
-1238.7715, 1399.7017, -276.3598 9225.6201
406.1564, 176.7761, -1758.9432 8761.4297
-0.8270, -0.3600, -0.4318 14.2671
39, 10.5379, 5.6985, 8.0000
-1359.2772, 1282.9868, -276.4171 9224.1396
388.8206, 212.5706, -1758.8995 8762.4883
-0.7914, -0.4326, -0.4319 14.2601
40, 9.9732, 6.6225, 8.0000
-1469.7090, 1154.8207, -276.4791 9221.6533
368.1606, 246.9674, -1758.8519 8763.5371
-0.7490, -0.5024, -0.4320 14.2529
41, 9.3367, 7.5111, 8.0000
-1569.0326, 1015.8535, -276.1724 9228.7568
343.3731, 278.9305, -1759.0867 8771.6699
-0.7002, -0.5688, -0.4315 14.2618
42, 8.6097, 8.3416, 8.0000
-1655.9146, 867.1096, -275.9797 9231.7383
315.8324, 308.9327, -1759.2346 8777.6631
-0.6450, -0.6309, -0.4312 14.2657
43, 7.7911, 9.0916, 8.0000
-1729.0068, 710.1904, -276.1557 9223.3271
286.2307, 337.2465, -1759.0999 8776.6533
-0.5837, -0.6878, -0.4315 14.2530
44, 6.9122, 9.7797, 8.0000
-1787.6343, 546.1510, -276.0073 9223.3027
253.3452, 362.0476, -1759.2137 8781.8213
-0.5173, -0.7392, -0.4313 14.2549
45, 5.9754, 10.4014, 8.0000
-1831.0081, 376.2749, -275.5395 9231.5254
217.6494, 382.9294, -1759.5706 8793.0332
-0.4460, -0.7847, -0.4305 14.2710
46, 4.9624, 10.9010, 8.0000
-1858.2190, 202.6308, -275.7833 9218.6123
181.0017, 402.3674, -1759.3843 8790.6426
-0.3702, -0.8230, -0.4309 14.2555
47, 3.9096, 11.3155, 8.0000
-1869.0422, 26.6865, -275.7955 9211.5957
142.3049, 417.6625, -1759.3752 8792.6035
-0.2910, -0.8542, -0.4309 14.2505
48, 2.8232, 11.6445, 8.0000
-1863.2388, -150.0858, -275.5191 9212.1270
102.0270, 428.4156, -1759.5867 8799.9541
-0.2091, -0.8780, -0.4305 14.2586
49, 1.7057, 11.8668, 8.0000
-1840.6656, -325.9617, -275.3061 9210.1934
60.9074, 435.5098, -1759.7488 8805.9785
-0.1250, -0.8940, -0.4302 14.2641
50, 0.5696, 11.9617, 8.0000
-1801.4961, -498.8170, -275.4802 9196.5635
19.3905, 439.8557, -1759.6152 8804.4746
-0.0398, -0.9017, -0.4304 14.2525
51, -0.5695, 11.9617, 8.0000
-1746.1648, -667.1956, -275.4114 9189.5801
-22.3335, 439.4976, -1759.6696 8807.5156
0.0458, -0.9015, -0.4303 14.2523
52, -1.7057, 11.8668, 8.0000
-1675.1256, -829.6832, -275.0920 9189.2324
-63.7081, 434.4513, -1759.9115 8815.0645
0.1310, -0.8934, -0.4298 14.2634
53, -2.8232, 11.6445, 8.0000
-1589.1479, -984.3715, -275.1647 9177.4229
-104.5669, 426.6912, -1759.8563 8815.0215
0.2149, -0.8769, -0.4299 14.2574
54, -3.9096, 11.3155, 8.0000
-1489.2902, -1129.7417, -275.3039 9163.5010
-144.4672, 415.3335, -1759.7504 8813.5059
0.2966, -0.8526, -0.4302 14.2489
55, -4.9624, 10.9011, 8.0000
-1376.5139, -1264.7501, -275.1601 9157.5977
-182.6739, 399.5232, -1759.8599 8817.1562
0.3754, -0.8211, -0.4299 14.2534
56, -5.9754, 10.4014, 8.0000
-1251.8787, -1388.3027, -274.7917 9158.1621
-218.7403, 379.6781, -1760.1396 8824.8857
0.4508, -0.7826, -0.4294 14.2685
57, -6.9122, 9.7797, 8.0000
-1117.0542, -1498.8607, -275.1371 9138.2842
-253.8023, 358.4845, -1759.8770 8818.8145
0.5217, -0.7369, -0.4299 14.2519
58, -7.7911, 9.0916, 8.0000
-973.3448, -1595.9242, -275.1746 9127.4746
-286.0079, 333.5061, -1759.8488 8818.3867
0.5877, -0.6853, -0.4300 14.2497
59, -8.6097, 8.3416, 8.0000
-822.0869, -1678.8979, -274.8982 9125.9404
-314.9117, 305.1535, -1760.0586 8823.7051
0.6485, -0.6284, -0.4295 14.2619
60, -9.3366, 7.5111, 8.0000
-664.9596, -1747.0833, -274.9971 9113.9746
-341.7628, 275.2297, -1759.9834 8821.6758
0.7033, -0.5664, -0.4297 14.2578
61, -9.9732, 6.6226, 8.0000
-503.7958, -1800.1497, -275.2200 9098.9062
-365.8891, 243.4630, -1759.8142 8817.0957
0.7516, -0.5001, -0.4300 14.2485
62, -10.5379, 5.6986, 8.0000
-339.8391, -1838.1865, -275.0884 9094.5273
-385.9451, 209.3863, -1759.9142 8819.0527
0.7936, -0.4306, -0.4298 14.2555
63, -11.0131, 4.7353, 8.0000
-174.5909, -1861.1831, -274.9724 9090.2441
-402.7484, 174.0120, -1760.0022 8820.5215
0.8289, -0.3582, -0.4296 14.2622
64, -11.3739, 3.7373, 8.0000
-10.0848, -1869.2781, -275.3046 9073.7285
-417.4733, 138.1697, -1759.7500 8813.3027
0.8570, -0.2836, -0.4302 14.2492
65, -11.6630, 2.7301, 8.0000
152.7095, -1863.0670, -275.2360 9069.3643
-427.7137, 101.2549, -1759.8018 8813.5322
0.8785, -0.2080, -0.4301 14.2545
66, -11.8653, 1.7136, 8.0000
312.5596, -1843.0197, -275.1003 9067.5938
-434.4338, 64.0061, -1759.9049 8814.8887
0.8933, -0.1316, -0.4298 14.2630
67, -11.9531, 0.6961, 8.0000
467.6295, -1809.8484, -275.4373 9053.0117
-439.3210, 26.9821, -1759.6486 8807.1396
0.9010, -0.0553, -0.4304 14.2507
68, -11.9792, -0.3086, 8.0000
617.2548, -1764.4521, -275.3163 9052.2695
-439.6713, -9.8069, -1759.7407 8807.9766
0.9025, 0.0201, -0.4302 14.2591
69, -11.9127, -1.2970, 8.0000
760.4157, -1707.6375, -275.3849 9046.8193
-437.5778, -45.9988, -1759.6886 8805.1191
0.8977, 0.0944, -0.4303 14.2593
70, -11.7573, -2.2561, 8.0000
895.7967, -1640.6254, -275.6645 9036.0488
-433.2667, -81.3677, -1759.4753 8798.1641
0.8870, 0.1666, -0.4307 14.2501
71, -11.5598, -3.1897, 8.0000
1023.3202, -1564.3162, -275.3641 9042.5850
-424.5593, -115.2584, -1759.7042 8802.1826
0.8712, 0.2365, -0.4303 14.2670
72, -11.2591, -4.0758, 8.0000
1141.7968, -1479.9817, -275.7691 9029.6152
-415.4614, -148.3704, -1759.3954 8792.7324
0.8498, 0.3035, -0.4309 14.2525
73, -10.9198, -4.9243, 8.0000
1251.1270, -1388.7887, -275.7559 9029.2676
-402.9277, -179.5430, -1759.4055 8791.2158
0.8243, 0.3673, -0.4309 14.2567
74, -10.5240, -5.7268, 8.0000
1351.1311, -1291.6970, -275.7856 9028.3115
-388.5068, -209.1135, -1759.3829 8788.8691
0.7946, 0.4277, -0.4309 14.2590
75, -10.0734, -6.4725, 8.0000
1441.2559, -1190.2509, -276.0052 9022.5049
-372.8641, -237.1264, -1759.2150 8782.9170
0.7613, 0.4842, -0.4313 14.2528
76, -9.6012, -7.1794, 8.0000
1522.0393, -1085.0928, -275.7975 9029.4189
-354.6195, -262.5705, -1759.3740 8785.1104
0.7252, 0.5370, -0.4309 14.2657
77, -9.0722, -7.8132, 8.0000
1592.9572, -977.9133, -276.1654 9020.4014
-336.5658, -287.0750, -1759.0923 8776.3691
0.6864, 0.5854, -0.4315 14.2528
78, -8.5441, -8.4165, 8.0000
1654.8716, -869.1366, -275.8547 9031.1641
-315.9453, -308.2702, -1759.3303 8780.6055
0.6458, 0.6302, -0.4310 14.2701
79, -7.9685, -8.9362, 8.0000
1707.4630, -760.4734, -276.3043 9020.6191
-296.2678, -329.0723, -1758.9857 8770.3965
0.6035, 0.6704, -0.4317 14.2534
80, -7.4044, -9.4300, 8.0000
1751.7625, -652.0836, -276.0608 9030.1602
-274.6414, -346.3792, -1759.1724 8773.4590
0.5605, 0.7069, -0.4313 14.2675
81, -6.8146, -9.8449, 8.0000
1787.7300, -545.6208, -276.4303 9022.4941
-253.9428, -363.2026, -1758.8892 8764.9062
0.5168, 0.7392, -0.4319 14.2541
82, -6.2378, -10.2302, 8.0000
1816.3662, -441.0781, -276.3299 9028.4209
-232.3111, -377.0462, -1758.9663 8765.3828
0.4731, 0.7679, -0.4318 14.2615
83, -5.6608, -10.5565, 8.0000
1837.9767, -339.8692, -276.4506 9028.2129
-211.2505, -389.6556, -1758.8735 8761.7207
0.4299, 0.7929, -0.4320 14.2589
84, -5.0923, -10.8370, 8.0000
1853.3751, -242.0548, -276.5942 9027.4707
-190.4928, -400.6980, -1758.7631 8757.7041
0.3872, 0.8144, -0.4322 14.2551
85, -4.5495, -11.0983, 8.0000
1863.2690, -148.3454, -276.2538 9040.5479
-169.6928, -408.8168, -1759.0245 8763.0137
0.3458, 0.8331, -0.4316 14.2727
86, -4.0091, -11.2817, 8.0000
1868.1473, -59.5961, -276.7089 9031.0059
-150.4897, -417.7432, -1758.6750 8753.2207
0.3056, 0.8483, -0.4324 14.2547
87, -3.5001, -11.4544, 8.0000
1868.9429, 24.4985, -276.6694 9035.5000
-131.5146, -423.9734, -1758.7053 8752.9531
0.2672, 0.8612, -0.4323 14.2585
88, -3.0203, -11.6053, 8.0000
1866.2897, 103.1581, -276.4335 9045.4971
-113.3902, -428.4327, -1758.8866 8756.5205
0.2308, 0.8719, -0.4319 14.2709
89, -2.5607, -11.6967, 8.0000
1860.7781, 175.9963, -276.8106 9037.9570
-96.7739, -433.6666, -1758.5969 8748.4785
0.1964, 0.8800, -0.4325 14.2559
90, -2.1362, -11.7812, 8.0000
1853.1750, 243.2881, -276.8521 9039.8174
-81.0190, -437.0126, -1758.5647 8746.9160
0.1643, 0.8865, -0.4326 14.2556
91, -1.7478, -11.8585, 8.0000
1844.1141, 304.6517, -276.6312 9048.9375
-66.3963, -438.7914, -1758.7347 8750.4424
0.1349, 0.8916, -0.4322 14.2668
92, -1.3935, -11.9062, 8.0000
1834.1750, 359.6752, -276.6397 9051.3213
-53.2439, -440.6069, -1758.7281 8749.6787
0.1082, 0.8952, -0.4322 14.2677
93, -1.0745, -11.9277, 8.0000
1823.8904, 408.4799, -276.8787 9046.9385
-41.5107, -442.5980, -1758.5443 8744.5879
0.0842, 0.8976, -0.4326 14.2581
94, -0.7950, -11.9465, 8.0000
1813.8025, 451.1207, -276.9556 9046.8906
-31.1319, -443.6841, -1758.4849 8742.6621
0.0631, 0.8993, -0.4327 14.2557
95, -0.5559, -11.9626, 8.0000
1804.3834, 487.4505, -276.9230 9049.6650
-22.2155, -444.1201, -1758.5104 8742.9102
0.0450, 0.9004, -0.4327 14.2579
96, -0.3583, -11.9759, 8.0000
1796.0516, 517.3576, -276.8278 9053.9131
-14.8363, -444.1376, -1758.5834 8744.4111
0.0301, 0.9011, -0.4325 14.2627
97, -0.2029, -11.9863, 8.0000
1789.1620, 540.7635, -276.7095 9058.4941
-9.0429, -443.9328, -1758.6743 8746.4297
0.0184, 0.9015, -0.4324 14.2685
98, -0.0908, -11.9939, 8.0000
1784.0061, 557.5916, -276.6005 9062.4785
-4.8705, -443.6659, -1758.7587 8748.3486
0.0099, 0.9017, -0.4322 14.2736
99, -0.0229, -11.9985, 8.0000
1780.8073, 567.7620, -276.5249 9065.1670
-2.3467, -443.4561, -1758.8165 8749.6865
0.0048, 0.9018, -0.4321 14.2772
100, 0.0000, -12.0000, 8.0000
1779.7188, 571.1781, -276.4978 9066.1201
-1.4987, -443.3771, -1758.8373 8750.1729
0.0030, 0.9019, -0.4320 14.2785
